[server/sslConfig]
version = 9.0.6
modtime = 1705932553.282414000

[server/general]
version = 9.0.6
modtime = 1705932553.988189000

[server/lmpool%3Aauto_generated_pool_forwarder]
version = 9.0.6
modtime = 1705932553.996161000

[server/lmpool%3Aauto_generated_pool_free]
version = 9.0.6
modtime = 1705932553.997868000
